"(Intercept)" "auth_count" "citations" "field" "IF_5Y_2019" "JIFquant" "journal" "OAlab" "publisher" "year" "df" "logLik" "AICc" "delta" "weight"
"360" 3490.56077531208 0.123165012784716 0.00253431095347506 "+" NA NA "+" "+" NA -1.72606937882223 169 -518145.312898023 1036629.00353657 0 0.0625000000127329
"376" 3484.60042581089 0.123165012784796 0.00253431095347476 "+" NA "+" "+" "+" NA -1.72606937882229 169 -518145.312898023 1036629.00353657 0 0.0625000000127329
"488" 3490.56077531208 0.123165012784716 0.00253431095347506 "+" NA NA "+" "+" "+" -1.72606937882223 169 -518145.312898023 1036629.00353657 0 0.0625000000127329
"504" 3484.60042581089 0.123165012784796 0.00253431095347476 "+" NA "+" "+" "+" "+" -1.72606937882229 169 -518145.312898023 1036629.00353657 0 0.0625000000127329
"372" 3485.4756683368 0.12316501278478 0.0025343109534748 NA NA "+" "+" "+" NA -1.72606937882228 169 -518145.312898023 1036629.00353657 2.3283064365387e-10 0.062500000005457
"500" 3485.4756683368 0.12316501278478 0.0025343109534748 NA NA "+" "+" "+" "+" -1.72606937882228 169 -518145.312898023 1036629.00353657 2.3283064365387e-10 0.062500000005457
"356" 3485.47566833679 0.123165012784641 0.00253431095347509 NA NA NA "+" "+" NA -1.72606937882228 169 -518145.312898023 1036629.00353657 4.65661287307739e-10 0.062499999998181
"364" 3482.06994391626 0.123165012785009 0.00253431095347745 NA 2.63193541010951 NA "+" "+" NA -1.72606937882229 169 -518145.312898023 1036629.00353657 4.65661287307739e-10 0.062499999998181
"484" 3485.47566833679 0.123165012784641 0.00253431095347509 NA NA NA "+" "+" "+" -1.72606937882228 169 -518145.312898023 1036629.00353657 4.65661287307739e-10 0.062499999998181
"492" 3482.06994391626 0.123165012785009 0.00253431095347745 NA 2.63193541010951 NA "+" "+" "+" -1.72606937882229 169 -518145.312898023 1036629.00353657 4.65661287307739e-10 0.062499999998181
"368" 3483.32295294029 0.123165012785131 0.00253431095347776 "+" 2.6319354079786 NA "+" "+" NA -1.72606937882231 169 -518145.312898023 1036629.00353657 6.98491930961609e-10 0.0624999999909051
"380" 3482.06994391706 0.123165012784932 0.00253431095347752 NA 2.6319354096125 "+" "+" "+" NA -1.72606937882234 169 -518145.312898023 1036629.00353657 6.98491930961609e-10 0.0624999999909051
"384" 3481.64213041165 0.123165012785085 0.00253431095347776 "+" 2.63193540887 "+" "+" "+" NA -1.72606937882233 169 -518145.312898023 1036629.00353657 6.98491930961609e-10 0.0624999999909051
"496" 3483.32295294029 0.123165012785131 0.00253431095347776 "+" 2.6319354079786 NA "+" "+" "+" -1.72606937882231 169 -518145.312898023 1036629.00353657 6.98491930961609e-10 0.0624999999909051
"508" 3482.06994391706 0.123165012784932 0.00253431095347752 NA 2.6319354096125 "+" "+" "+" "+" -1.72606937882234 169 -518145.312898023 1036629.00353657 6.98491930961609e-10 0.0624999999909051
"512" 3481.64213041165 0.123165012785085 0.00253431095347776 "+" 2.63193540887 "+" "+" "+" "+" -1.72606937882233 169 -518145.312898023 1036629.00353657 6.98491930961609e-10 0.0624999999909051
"296" 3425.20943612342 0.125890896565673 0.00254042446152768 "+" NA NA "+" NA NA -1.69408570159373 165 -518443.531558141 1037217.42322909 588.419692516676 1.05236710846107e-129
"312" 3418.77525810802 0.125890896565751 0.00254042446152739 "+" NA "+" "+" NA NA -1.69408570159373 165 -518443.531558141 1037217.42322909 588.419692516676 1.05236710846107e-129
"424" 3425.20943612342 0.125890896565673 0.00254042446152768 "+" NA NA "+" NA "+" -1.69408570159373 165 -518443.531558141 1037217.42322909 588.419692516676 1.05236710846107e-129
"440" 3418.77525810802 0.125890896565751 0.00254042446152739 "+" NA "+" "+" NA "+" -1.69408570159373 165 -518443.531558141 1037217.42322909 588.419692516676 1.05236710846107e-129
"308" 3420.14016544747 0.125890896565709 0.00254042446152747 NA NA "+" "+" NA NA -1.69408570159374 165 -518443.531558141 1037217.42322909 588.419692517258 1.05236710815479e-129
"436" 3420.14016544747 0.125890896565709 0.00254042446152747 NA NA "+" "+" NA "+" -1.69408570159374 165 -518443.531558141 1037217.42322909 588.419692517258 1.05236710815479e-129
"292" 3420.14016544743 0.125890896565568 0.00254042446152776 NA NA NA "+" NA NA -1.69408570159372 165 -518443.531558141 1037217.42322909 588.419692517491 1.05236710803228e-129
"300" 3416.25854870768 0.12589089656599 0.00254042446153043 NA 2.99970381763586 NA "+" NA NA -1.69408570159379 165 -518443.531558141 1037217.42322909 588.419692517491 1.05236710803228e-129
"320" 3415.40359101881 0.12589089656608 0.0025404244615308 "+" 2.99970381636597 "+" "+" NA NA -1.69408570159378 165 -518443.531558141 1037217.42322909 588.419692517491 1.05236710803228e-129
"420" 3420.14016544743 0.125890896565568 0.00254042446152776 NA NA NA "+" NA "+" -1.69408570159372 165 -518443.531558141 1037217.42322909 588.419692517491 1.05236710803228e-129
"428" 3416.25854870768 0.12589089656599 0.00254042446153043 NA 2.99970381763586 NA "+" NA "+" -1.69408570159379 165 -518443.531558141 1037217.42322909 588.419692517491 1.05236710803228e-129
"448" 3415.40359101881 0.12589089656608 0.0025404244615308 "+" 2.99970381636597 "+" "+" NA "+" -1.69408570159378 165 -518443.531558141 1037217.42322909 588.419692517491 1.05236710803228e-129
"304" 3416.96025063087 0.125890896566144 0.00254042446153076 "+" 2.99970381549499 NA "+" NA NA -1.69408570159376 165 -518443.531558141 1037217.42322909 588.419692517724 1.05236710790977e-129
"316" 3416.25854870852 0.12589089656588 0.00254042446153052 NA 2.9997038171104 "+" "+" NA NA -1.69408570159385 165 -518443.531558141 1037217.42322909 588.419692517724 1.05236710790977e-129
"432" 3416.96025063087 0.125890896566144 0.00254042446153076 "+" 2.99970381549499 NA "+" NA "+" -1.69408570159376 165 -518443.531558141 1037217.42322909 588.419692517724 1.05236710790977e-129
"444" 3416.25854870852 0.12589089656588 0.00254042446153052 NA 2.9997038171104 "+" "+" NA "+" -1.69408570159385 165 -518443.531558141 1037217.42322909 588.419692517724 1.05236710790977e-129
"366" 3508.48349898473 0.125323433566416 NA "+" 2.65154525380334 NA "+" "+" NA -1.73856160339744 168 -518503.144529683 1037342.66235343 713.658816860872 6.71176829520852e-157
"494" 3508.48349898473 0.125323433566416 NA "+" 2.65154525380334 NA "+" "+" "+" -1.73856160339744 168 -518503.144529683 1037342.66235343 713.658816860872 6.71176829520852e-157
"382" 3506.82324306615 0.125323433566442 NA "+" 2.65154525247673 "+" "+" "+" NA -1.73856160339735 168 -518503.144529684 1037342.66235343 713.658816861687 6.71176829247378e-157
"510" 3506.82324306615 0.125323433566442 NA "+" 2.65154525247673 "+" "+" "+" "+" -1.73856160339735 168 -518503.144529684 1037342.66235343 713.658816861687 6.71176829247378e-157
"362" 3507.24596009467 0.125323433566436 NA NA 2.65154524605305 NA "+" "+" NA -1.73856160339733 168 -518503.144529684 1037342.66235343 713.658816862269 6.7117682905204e-157
"370" 3510.67705964323 0.125323433566325 NA NA NA "+" "+" "+" NA -1.73856160339738 168 -518503.144529684 1037342.66235343 713.658816862269 6.7117682905204e-157
"490" 3507.24596009467 0.125323433566436 NA NA 2.65154524605305 NA "+" "+" "+" -1.73856160339733 168 -518503.144529684 1037342.66235343 713.658816862269 6.7117682905204e-157
"498" 3510.67705964323 0.125323433566325 NA NA NA "+" "+" "+" "+" -1.73856160339738 168 -518503.144529684 1037342.66235343 713.658816862269 6.7117682905204e-157
"378" 3507.24596009581 0.125323433566355 NA NA 2.65154524505968 "+" "+" "+" NA -1.73856160339721 168 -518503.144529684 1037342.66235343 713.658816862502 6.71176828973905e-157
"506" 3507.24596009581 0.125323433566355 NA NA 2.65154524505968 "+" "+" "+" "+" -1.73856160339721 168 -518503.144529684 1037342.66235343 713.658816862502 6.71176828973905e-157
"354" 3510.677059643 0.12532343356616 NA NA NA NA "+" "+" NA -1.73856160339726 168 -518503.144529685 1037342.66235343 713.658816863317 6.71176828700431e-157
"358" 3515.77524843232 0.125323433566395 NA "+" NA NA "+" "+" NA -1.73856160339726 168 -518503.144529685 1037342.66235343 713.658816863317 6.71176828700431e-157
"482" 3510.677059643 0.12532343356616 NA NA NA NA "+" "+" "+" -1.73856160339726 168 -518503.144529685 1037342.66235343 713.658816863317 6.71176828700431e-157
"486" 3515.77524843232 0.125323433566395 NA "+" NA NA "+" "+" "+" -1.73856160339726 168 -518503.144529685 1037342.66235343 713.658816863317 6.71176828700431e-157
"374" 3509.80357993035 0.125323433566441 NA "+" NA "+" "+" "+" NA -1.73856160339719 168 -518503.144529685 1037342.66235343 713.658816864132 6.71176828426958e-157
"502" 3509.80357993035 0.125323433566441 NA "+" NA "+" "+" "+" "+" -1.73856160339719 168 -518503.144529685 1037342.66235343 713.658816864132 6.71176828426958e-157
"302" 3442.33746605157 0.128048508908615 NA "+" 3.02030670619457 NA "+" NA NA -1.70669356989006 164 -518801.701286923 1037931.75834561 1302.75480903464 8.05874843905858e-285
"430" 3442.33746605157 0.128048508908615 NA "+" 3.02030670619457 NA "+" NA "+" -1.70669356989006 164 -518801.701286923 1037931.75834561 1302.75480903464 8.05874843905858e-285
"318" 3440.7954220824 0.128048508908644 NA "+" 3.02030670496203 "+" "+" NA NA -1.70669356989006 164 -518801.701286924 1037931.75834561 1302.75480903545 8.05874843577502e-285
"446" 3440.7954220824 0.128048508908644 NA "+" 3.02030670496203 "+" "+" NA "+" -1.70669356989006 164 -518801.701286924 1037931.75834561 1302.75480903545 8.05874843577502e-285
"298" 3441.65238759795 0.128048508908632 NA NA 3.02030669903111 NA "+" NA NA -1.70669356989006 164 -518801.701286924 1037931.75834561 1302.75480903592 8.05874843389869e-285
"426" 3441.65238759795 0.128048508908632 NA NA 3.02030669903111 NA "+" NA "+" -1.70669356989006 164 -518801.701286924 1037931.75834561 1302.75480903592 8.05874843389869e-285
"306" 3445.56066446608 0.128048508908473 NA NA NA "+" "+" NA NA -1.70669356988982 164 -518801.701286924 1037931.75834561 1302.75480903627 8.05874843249145e-285
"314" 3441.65238759957 0.128048508908524 NA NA 3.02030669803879 "+" "+" NA NA -1.70669356989017 164 -518801.701286924 1037931.75834561 1302.75480903627 8.05874843249145e-285
"434" 3445.56066446608 0.128048508908473 NA NA NA "+" "+" NA "+" -1.70669356988982 164 -518801.701286924 1037931.75834561 1302.75480903627 8.05874843249145e-285
"442" 3441.65238759957 0.128048508908524 NA NA 3.02030669803879 "+" "+" NA "+" -1.70669356989017 164 -518801.701286924 1037931.75834561 1302.75480903627 8.05874843249145e-285
"290" 3445.56066446641 0.12804850890831 NA NA NA NA "+" NA NA -1.70669356988998 164 -518801.701286924 1037931.75834561 1302.75480903732 8.05874842826972e-285
"294" 3450.64330949361 0.128048508908591 NA "+" NA NA "+" NA NA -1.70669356989007 164 -518801.701286924 1037931.75834561 1302.75480903732 8.05874842826972e-285
"418" 3445.56066446641 0.12804850890831 NA NA NA NA "+" NA "+" -1.70669356988998 164 -518801.701286924 1037931.75834561 1302.75480903732 8.05874842826972e-285
"422" 3450.64330949361 0.128048508908591 NA "+" NA NA "+" NA "+" -1.70669356989007 164 -518801.701286924 1037931.75834561 1302.75480903732 8.05874842826972e-285
"310" 3444.19024681919 0.128048508908644 NA "+" NA "+" "+" NA NA -1.70669356988992 164 -518801.701286925 1037931.75834561 1302.7548090379 8.05874842592432e-285
"438" 3444.19024681919 0.128048508908644 NA "+" NA "+" "+" NA "+" -1.70669356988992 164 -518801.701286925 1037931.75834561 1302.7548090379 8.05874842592432e-285
"375" 3444.43447324144 NA 0.00261975621423817 "+" NA "+" "+" "+" NA -1.70580506827298 168 -518832.252271915 1038000.87783789 1371.8743013239 7.89151801924137e-300
"503" 3444.43447324144 NA 0.00261975621423817 "+" NA "+" "+" "+" "+" -1.70580506827298 168 -518832.252271915 1038000.87783789 1371.8743013239 7.89151801924137e-300
"359" 3450.46658475268 NA 0.00261975621423821 "+" NA NA "+" "+" NA -1.705805068273 168 -518832.252271915 1038000.87783789 1371.87430132413 7.89151801832268e-300
"487" 3450.46658475268 NA 0.00261975621423821 "+" NA NA "+" "+" "+" -1.705805068273 168 -518832.252271915 1038000.87783789 1371.87430132413 7.89151801832268e-300
"371" 3445.05833217811 NA 0.00261975621423991 NA NA "+" "+" "+" NA -1.7058050682731 168 -518832.252271915 1038000.8778379 1371.87430132471 7.89151801602594e-300
"499" 3445.05833217811 NA 0.00261975621423991 NA NA "+" "+" "+" "+" -1.7058050682731 168 -518832.252271915 1038000.8778379 1371.87430132471 7.89151801602594e-300
"363" 3441.6611329491 NA 0.002619756214242 NA 2.62534716301015 NA "+" "+" NA -1.705805068273 168 -518832.252271915 1038000.8778379 1371.87430132495 7.89151801510725e-300
"491" 3441.6611329491 NA 0.002619756214242 NA 2.62534716301015 NA "+" "+" "+" -1.705805068273 168 -518832.252271915 1038000.8778379 1371.87430132495 7.89151801510725e-300
"355" 3445.05833217807 NA 0.00261975621424046 NA NA NA "+" "+" NA -1.70580506827307 168 -518832.252271915 1038000.8778379 1371.87430132518 7.89151801418856e-300
"379" 3441.66113295048 NA 0.0026197562142419 NA 2.62534716203531 "+" "+" "+" NA -1.70580506827301 168 -518832.252271915 1038000.8778379 1371.87430132518 7.89151801418856e-300
"483" 3445.05833217807 NA 0.00261975621424046 NA NA NA "+" "+" "+" -1.70580506827307 168 -518832.252271915 1038000.8778379 1371.87430132518 7.89151801418856e-300
"507" 3441.66113295048 NA 0.0026197562142419 NA 2.62534716203531 "+" "+" "+" "+" -1.70580506827301 168 -518832.252271915 1038000.8778379 1371.87430132518 7.89151801418856e-300
"367" 3443.24688006717 NA 0.00261975621424517 "+" 2.62534715845336 NA "+" "+" NA -1.70580506827311 168 -518832.252271916 1038000.8778379 1371.87430132576 7.89151801189182e-300
"495" 3443.24688006717 NA 0.00261975621424517 "+" 2.62534715845336 NA "+" "+" "+" -1.70580506827311 168 -518832.252271916 1038000.8778379 1371.87430132576 7.89151801189182e-300
"383" 3441.48358303708 NA 0.00261975621424445 "+" 2.6253471575872 "+" "+" "+" NA -1.70580506827302 168 -518832.252271916 1038000.8778379 1371.874301326 7.89151801097313e-300
"511" 3441.48358303708 NA 0.00261975621424445 "+" 2.6253471575872 "+" "+" "+" "+" -1.70580506827302 168 -518832.252271916 1038000.8778379 1371.874301326 7.89151801097313e-300
"311" 3372.35652110205 NA 0.00262767616542543 "+" NA "+" "+" NA NA -1.67069221883686 164 -519159.601655648 1038647.55908305 2018.55554648384 0
"439" 3372.35652110205 NA 0.00262767616542543 "+" NA "+" "+" NA "+" -1.67069221883686 164 -519159.601655648 1038647.55908305 2018.55554648384 0
"295" 3378.85108559058 NA 0.00262767616542559 "+" NA NA "+" NA NA -1.67069221883676 164 -519159.601655648 1038647.55908305 2018.55554648407 0
"423" 3378.85108559058 NA 0.00262767616542559 "+" NA NA "+" NA "+" -1.67069221883676 164 -519159.601655648 1038647.55908305 2018.55554648407 0
"307" 3373.45200236642 NA 0.00262767616542744 NA NA "+" "+" NA NA -1.67069221883662 164 -519159.601655648 1038647.55908306 2018.55554648465 0
"435" 3373.45200236642 NA 0.00262767616542744 NA NA "+" "+" NA "+" -1.67069221883662 164 -519159.601655648 1038647.55908306 2018.55554648465 0
"291" 3373.45200236671 NA 0.00262767616542794 NA NA NA "+" NA NA -1.67069221883676 164 -519159.601655648 1038647.55908306 2018.55554648524 0
"299" 3369.55616719094 NA 0.00262767616542977 NA 3.01069178978549 NA "+" NA NA -1.67069221883681 164 -519159.601655648 1038647.55908306 2018.55554648524 0
"315" 3369.55616719218 NA 0.00262767616542964 NA 3.01069178893181 "+" "+" NA NA -1.67069221883683 164 -519159.601655648 1038647.55908306 2018.55554648524 0
"419" 3373.45200236671 NA 0.00262767616542794 NA NA NA "+" NA "+" -1.67069221883676 164 -519159.601655648 1038647.55908306 2018.55554648524 0
"427" 3369.55616719094 NA 0.00262767616542977 NA 3.01069178978549 NA "+" NA "+" -1.67069221883681 164 -519159.601655648 1038647.55908306 2018.55554648524 0
"443" 3369.55616719218 NA 0.00262767616542964 NA 3.01069178893181 "+" "+" NA "+" -1.67069221883683 164 -519159.601655648 1038647.55908306 2018.55554648524 0
"303" 3370.57168318172 NA 0.00262767616543355 "+" 3.01069178519638 NA "+" NA NA -1.67069221883697 164 -519159.601655649 1038647.55908306 2018.55554648605 0
"431" 3370.57168318172 NA 0.00262767616543355 "+" 3.01069178519638 NA "+" NA "+" -1.67069221883697 164 -519159.601655649 1038647.55908306 2018.55554648605 0
"319" 3368.97250353712 NA 0.00262767616543263 "+" 3.01069178442223 "+" "+" NA NA -1.67069221883689 164 -519159.601655649 1038647.55908306 2018.55554648628 0
"447" 3368.97250353712 NA 0.00262767616543263 "+" 3.01069178442223 "+" "+" NA "+" -1.67069221883689 164 -519159.601655649 1038647.55908306 2018.55554648628 0
"357" 3475.81982808097 NA NA "+" NA NA "+" "+" NA -1.71835879270745 167 -519211.356430698 1038757.08173536 2128.07819878426 0
"485" 3475.81982808097 NA NA "+" NA NA "+" "+" "+" -1.71835879270745 167 -519211.356430698 1038757.08173536 2128.07819878426 0
"381" 3466.80115420361 NA NA "+" 2.64551072151794 "+" "+" "+" NA -1.7183587927071 167 -519211.356430698 1038757.08173536 2128.0781987845 0
"509" 3466.80115420361 NA NA "+" 2.64551072151794 "+" "+" "+" "+" -1.7183587927071 167 -519211.356430698 1038757.08173536 2128.0781987845 0
"369" 3470.39218724194 NA NA NA NA "+" "+" "+" NA -1.71835879270733 167 -519211.356430699 1038757.08173536 2128.07819878531 0
"497" 3470.39218724194 NA NA NA NA "+" "+" "+" "+" -1.71835879270733 167 -519211.356430699 1038757.08173536 2128.07819878531 0
"365" 3468.54467362705 NA NA "+" 2.64551071037056 NA "+" "+" NA -1.71835879270726 167 -519211.356430699 1038757.08173536 2128.07819878589 0
"377" 3466.96889637099 NA NA NA 2.64551071947865 "+" "+" "+" NA -1.71835879270756 167 -519211.356430699 1038757.08173536 2128.07819878589 0
"493" 3468.54467362705 NA NA "+" 2.64551071037056 NA "+" "+" "+" -1.71835879270726 167 -519211.356430699 1038757.08173536 2128.07819878589 0
"505" 3466.96889637099 NA NA NA 2.64551071947865 "+" "+" "+" "+" -1.71835879270756 167 -519211.356430699 1038757.08173536 2128.07819878589 0
"361" 3466.96889637184 NA NA NA 2.64551071875158 NA "+" "+" NA -1.71835879270748 167 -519211.356430699 1038757.08173536 2128.07819878613 0
"489" 3466.96889637184 NA NA NA 2.64551071875158 NA "+" "+" "+" -1.71835879270748 167 -519211.356430699 1038757.08173536 2128.07819878613 0
"353" 3470.39218724308 NA NA NA NA NA "+" "+" NA -1.71835879270791 167 -519211.356430699 1038757.08173536 2128.07819878694 0
"481" 3470.39218724308 NA NA NA NA NA "+" "+" "+" -1.71835879270791 167 -519211.356430699 1038757.08173536 2128.07819878694 0
"373" 3469.77470825718 NA NA "+" NA "+" "+" "+" NA -1.71835879270806 167 -519211.3564307 1038757.08173536 2128.07819878729 0
"501" 3469.77470825718 NA NA "+" NA "+" "+" "+" "+" -1.71835879270806 167 -519211.3564307 1038757.08173536 2128.07819878729 0
"317" 3394.42830777816 NA NA "+" 3.03220974388202 "+" "+" NA NA -1.68332583982283 163 -519539.379634904 1039405.11072687 2776.10719030129 0
"445" 3394.42830777816 NA NA "+" 3.03220974388202 "+" "+" NA "+" -1.68332583982283 163 -519539.379634904 1039405.11072687 2776.10719030129 0
"293" 3404.35169190813 NA NA "+" NA NA "+" NA NA -1.68332583982306 163 -519539.379634904 1039405.11072687 2776.10719030153 0
"421" 3404.35169190813 NA NA "+" NA NA "+" NA "+" -1.68332583982306 163 -519539.379634904 1039405.11072687 2776.10719030153 0
"305" 3398.93291668105 NA NA NA NA "+" "+" NA NA -1.68332583982273 163 -519539.379634905 1039405.11072687 2776.10719030257 0
"433" 3398.93291668105 NA NA NA NA "+" "+" NA "+" -1.68332583982273 163 -519539.379634905 1039405.11072687 2776.10719030257 0
"313" 3395.00923727615 NA NA NA 3.03220974133861 "+" "+" NA NA -1.68332583982313 163 -519539.379634905 1039405.11072687 2776.10719030292 0
"441" 3395.00923727615 NA NA NA 3.03220974133861 "+" "+" NA "+" -1.68332583982313 163 -519539.379634905 1039405.11072687 2776.10719030292 0
"301" 3396.0131151435 NA NA "+" 3.03220973287065 NA "+" NA NA -1.68332583982345 163 -519539.379634905 1039405.11072687 2776.10719030316 0
"429" 3396.0131151435 NA NA "+" 3.03220973287065 NA "+" NA "+" -1.68332583982345 163 -519539.379634905 1039405.11072687 2776.10719030316 0
"297" 3395.00923727737 NA NA NA 3.0322097404629 NA "+" NA NA -1.68332583982313 163 -519539.379634905 1039405.11072687 2776.10719030339 0
"425" 3395.00923727737 NA NA NA 3.0322097404629 NA "+" NA "+" -1.68332583982313 163 -519539.379634905 1039405.11072687 2776.10719030339 0
"289" 3398.93291668134 NA NA NA NA NA "+" NA NA -1.68332583982289 163 -519539.379634905 1039405.11072687 2776.10719030397 0
"417" 3398.93291668134 NA NA NA NA NA "+" NA "+" -1.68332583982289 163 -519539.379634905 1039405.11072687 2776.10719030397 0
"309" 3397.83651153248 NA NA "+" NA "+" "+" NA NA -1.68332583982356 163 -519539.379634906 1039405.11072688 2776.1071903042 0
"437" 3397.83651153248 NA NA "+" NA "+" "+" NA "+" -1.68332583982356 163 -519539.379634906 1039405.11072688 2776.1071903042 0
"480" 3439.01659008402 0.12592343517255 0.00256989889475666 "+" 0.174006013451699 "+" NA "+" "+" -1.70343672204485 50 -520107.867286429 1040315.76807391 3686.76453734376 0
"472" 3439.89826156815 0.129889037511054 0.00266422955371207 "+" NA "+" NA "+" "+" -1.70373519073911 49 -520315.603469953 1040729.23912699 4100.23559041519 0
"416" 3393.53405196706 0.12717248867702 0.00257560433709638 "+" 0.171834574138921 "+" NA NA "+" -1.68113625182104 46 -520328.619192555 1040749.26678801 4120.26325143455 0
"478" 3464.58815134057 0.127969583669077 NA "+" 0.185052233833686 "+" NA "+" "+" -1.71612350385495 49 -520466.78372766 1041031.5996424 4402.59610582911 0
"408" 3398.38635849408 0.130860205034 0.00266988679528426 "+" NA "+" NA NA "+" -1.68345912560749 45 -520532.206833708 1041154.4408615 4525.4373249273 0
"476" 3430.99140894715 0.122502645646578 0.00256440623816124 NA 0.208833129491775 "+" NA "+" "+" -1.69911125178498 39 -520594.865533677 1041267.75156064 4638.74802406644 0
"414" 3419.12679541783 0.129217621390399 NA "+" 0.182952450340351 "+" NA NA "+" -1.69383671959977 45 -520688.092053584 1041466.21130125 4837.20776467933 0
"470" 3466.52852947584 0.132276840061152 NA "+" NA "+" NA "+" "+" -1.71693806097403 48 -520701.132331379 1041498.29556215 4869.2920255803 0
"412" 3389.33828203015 0.126414025400679 0.00256617112253561 NA 0.204141397375348 "+" NA NA "+" -1.67859103941765 35 -520819.411896528 1041708.84034489 5079.83680831711 0
"479" 3395.35996088512 NA 0.00265371572317019 "+" 0.193028359227522 "+" NA "+" "+" -1.68146975682635 49 -520826.572306001 1041751.17679908 5122.17326250963 0
"406" 3425.30514611306 0.133233155226459 NA "+" NA "+" NA NA "+" -1.69681192545141 44 -520918.294707293 1041924.61542615 5295.61188957526 0
"474" 3456.15995759453 0.124351256946684 NA NA 0.219452972218547 "+" NA "+" "+" -1.71160060718785 38 -520950.052648193 1041976.12476488 5347.12122830783 0
"352" 3424.29550035366 0.129550500418487 0.00257926522010277 "+" 0.241302344223572 "+" NA "+" NA -1.69667660808054 24 -521019.759332202 1042087.52654566 5458.52300908975 0
"415" 3345.05728840995 NA 0.00266021053813486 "+" 0.189824490555697 "+" NA NA "+" -1.65672347862111 45 -521061.099236307 1042212.2256667 5583.22213012667 0
"471" 3394.81098694858 NA 0.00276165836343107 "+" NA "+" NA "+" "+" -1.68103193316932 48 -521080.60652683 1042257.24395305 5628.24041648128 0
"468" 3429.13490015781 0.132481018194877 0.00275668779397639 NA NA "+" NA "+" "+" -1.69788847346508 38 -521117.995871296 1042312.01121108 5683.00767451245 0
"410" 3414.48504419216 0.128268891023446 NA NA 0.214761675065761 "+" NA NA "+" -1.69106962734735 34 -521174.042810475 1042416.10125313 5787.09771656222 0
"477" 3421.04662795814 NA NA "+" 0.204760245784113 "+" NA "+" "+" -1.69420848084124 48 -521205.837451752 1042507.7058029 5878.70226632641 0
"475" 3393.35437872962 NA 0.00264154692452899 NA 0.23183049392838 "+" NA "+" "+" -1.68019715643825 38 -521301.265985134 1042678.55143876 6049.54790218838 0
"407" 3348.87630634517 NA 0.00276739938550479 "+" NA "+" NA NA "+" -1.65851294462642 44 -521307.847588428 1042703.72118842 6074.71765184519 0
"404" 3402.19428891374 0.136208265893849 0.00276012027943453 NA NA "+" NA NA "+" -1.68482251658904 34 -521334.068182484 1042736.15199715 6107.14846058039 0
"288" 3370.38150944646 0.130692365590536 0.00259033681384215 "+" 0.241877995614947 "+" NA NA NA -1.67025388622404 20 -521353.967468971 1042747.94045468 6118.9369181057 0
"350" 3449.81915652357 0.13163118245063 NA "+" 0.252160927834556 "+" NA "+" NA -1.70934100968168 23 -521377.031704316 1042800.07065934 6171.06712276966 0
"413" 3370.69908446901 NA NA "+" 0.201612615324362 "+" NA NA "+" -1.6694423718514 44 -521441.054969544 1042970.13595065 6341.13241407753 0
"469" 3421.57392672084 NA NA "+" NA "+" NA "+" "+" -1.69429391193842 47 -521490.915950941 1043075.86153988 6446.85800330935 0
"466" 3456.19229196416 0.135023414715337 NA NA NA "+" NA "+" "+" -1.71129858063255 37 -521527.049575214 1043128.11762041 6499.11408384377 0
"411" 3345.45571024275 NA 0.00264626242946137 NA 0.227298897143187 "+" NA NA "+" -1.65658586818915 34 -521571.768155515 1043211.55194321 6582.54840664391 0
"473" 3418.70649653989 NA NA NA 0.243132404073272 "+" NA "+" "+" -1.6927739103297 37 -521674.787798787 1043423.59406756 6794.59053098911 0
"286" 3396.00761750314 0.132777545545302 NA "+" 0.252805965797115 "+" NA NA NA -1.68297391877884 19 -521712.748608985 1043463.50220927 6834.49867269665 0
"405" 3375.86554741871 NA NA "+" NA "+" NA NA "+" -1.6718934095466 43 -521718.654071579 1043523.33299849 6894.32946191425 0
"402" 3430.07060283461 0.138761406755114 NA NA NA "+" NA NA "+" -1.69864727328733 33 -521743.029138693 1043552.07301621 6923.06947963533 0
"344" 3417.97097220524 0.141605141895874 0.00282401770786955 "+" NA "+" NA "+" NA -1.693365612627 23 -521771.197827505 1043588.40290572 6959.39936914761 0
"351" 3374.86928127828 NA 0.00266770548544056 "+" 0.264034712505196 "+" NA "+" NA -1.67180669280874 23 -521780.496815126 1043607.00088096 6977.99734438898 0
"348" 3424.07457275316 0.122976728564618 0.00259080798144099 NA 0.271931718022078 "+" NA "+" NA -1.69611696171359 13 -521796.304093881 1043618.61057824 6989.60704166675 0
"409" 3370.73490788144 NA NA NA 0.238606210042604 "+" NA NA "+" -1.66912670345141 33 -521945.29769971 1043956.61013824 7327.60660166875 0
"467" 3387.84066313192 NA 0.00286397370017557 NA NA "+" NA "+" "+" -1.67710166043924 37 -521945.273849436 1043964.56616886 7335.56263228797 0
"280" 3365.13121099581 0.142719874877348 0.00283631163361664 "+" NA "+" NA NA NA -1.66749923220496 19 -522106.105792175 1044250.21657565 7621.21303907793 0
"287" 3318.14965353404 NA 0.00267942650584196 "+" 0.264708129973607 "+" NA NA NA -1.64397319490952 19 -522125.27855387 1044288.56209904 7659.55856246711 0
"346" 3449.26582221138 0.124815721763958 NA NA 0.282495955294911 "+" NA "+" NA -1.70861625533357 12 -522153.200178991 1044330.40240695 7701.39887037524 0
"349" 3400.46116716739 NA NA "+" 0.275649640272002 "+" NA "+" NA -1.68449920688346 22 -522159.046314823 1044362.09927608 7733.09573951317 0
"342" 3445.72352519854 0.1444895142427 NA "+" NA "+" NA "+" NA -1.70712740072822 22 -522196.913257095 1044437.83316063 7808.82962405845 0
"403" 3356.07784875137 NA 0.00287109814902903 NA NA "+" NA NA "+" -1.66167061725059 33 -522208.627412262 1044483.26956334 7854.26602677268 0
"284" 3382.06455873562 0.129429621132706 0.00259624987849861 NA 0.277679625626503 "+" NA NA NA -1.67558261691438 9 -522243.049396973 1044504.09997602 7875.0964394469 0
"465" 3415.14817620577 NA NA NA NA "+" NA "+" "+" -1.69062933362589 36 -522382.261745291 1044836.54098835 8207.53745177889 0
"347" 3385.0132885727 NA 0.00266839333068681 NA 0.296281507284206 "+" NA "+" NA -1.67648551800048 12 -522509.341375719 1045042.6848004 8413.68126383249 0
"285" 3343.80918888116 NA NA "+" 0.276395139554631 "+" NA NA NA -1.6567039683015 18 -522505.449414208 1045046.90332055 8417.89978398383 0
"278" 3393.05078795802 0.145610461275786 NA "+" NA "+" NA NA NA -1.68135029297124 18 -522533.674510318 1045103.35351277 8474.34997620399 0
"282" 3407.44151971556 0.13128023396132 NA NA 0.288294186375887 "+" NA NA NA -1.68817619613284 8 -522599.356208024 1045214.7133617 8585.70982512855 0
"401" 3384.19701443292 NA NA NA NA "+" NA NA "+" -1.67561032336378 32 -522646.329960397 1045356.67379253 8727.67025596171 0
"343" 3362.8108707069 NA 0.00294696797275155 "+" NA "+" NA "+" NA -1.66559719892591 22 -522678.254510467 1045400.51566737 8771.51213080157 0
"345" 3410.36866509752 NA NA NA 0.307542178939226 "+" NA "+" NA -1.68906239271094 11 -522884.527178559 1045791.05609085 9162.05255427514 0
"283" 3335.43551004128 NA 0.0026786455541513 NA 0.30385585703699 "+" NA NA NA -1.65220010127997 8 -523031.665676128 1046079.33229791 9450.32876133686 0
"279" 3307.04679331545 NA 0.00296002826813569 "+" NA "+" NA NA NA -1.63826205491548 18 -523023.969646437 1046083.94378501 9454.94024844281 0
"341" 3390.62388178902 NA NA "+" NA "+" NA "+" NA -1.67938011811947 21 -523136.664199151 1046315.33446675 9686.33093017864 0
"464" 3419.0743346986 0.13831616103038 0.00259418739406723 "+" 0.457143873361829 NA NA "+" "+" -1.69287563790547 47 -523245.312732525 1046584.65510305 9955.65156647691 0
"281" 3360.94154756402 NA NA NA 0.315198584517676 "+" NA NA NA -1.66485415903041 7 -523407.162231063 1046828.32519763 10199.321661057 0
"277" 3334.9811376663 NA NA "+" NA "+" NA NA NA -1.65211153177373 17 -523484.379505053 1047002.76302936 10373.7594927899 0
"400" 3361.49681252749 0.140174095948267 0.00260191474710924 "+" 0.460622465195264 NA NA NA "+" -1.66462708781413 43 -523580.100449447 1047246.22575422 10617.2222176509 0
"462" 3444.86260079003 0.140386648396983 NA "+" 0.468426737299187 NA NA "+" "+" -1.70566828905945 46 -523596.306244033 1047284.64089096 10655.6373543909 0
"340" 3416.43628862426 0.151590636621034 0.00311455276867344 NA NA "+" NA "+" NA -1.69213232260462 12 -523635.426935201 1047294.85591937 10665.8523827967 0
"398" 3387.31990168632 0.142245259536574 NA "+" 0.471996953642677 NA NA NA "+" -1.67744031721735 42 -523931.644528771 1047947.31278293 11318.309246356 0
"463" 3370.38345545805 NA 0.00268682850202562 "+" 0.489780099237311 NA NA "+" "+" -1.66838406467152 46 -524079.993927808 1048252.01625851 11623.0127219412 0
"338" 3446.60024162792 0.155165805840525 NA NA NA "+" NA "+" NA -1.70708978722787 11 -524142.38115711 1048306.76404795 11677.7605113782 0
"276" 3377.06040737343 0.159281108091005 0.0031352014288058 NA NA "+" NA NA NA -1.67299083670185 8 -524158.242554717 1048332.48605509 11703.4825185147 0
"399" 3306.76762686042 NA 0.00269578359356136 "+" 0.492694315120676 NA NA NA "+" -1.63707917325417 42 -524435.605242281 1048955.23420995 12326.2306733758 0
"461" 3396.35163503088 NA NA "+" 0.50197839232723 NA NA "+" "+" -1.68126072548832 45 -524452.545335244 1048995.11786457 12366.1143280007 0
"274" 3407.71760829853 0.162922764389753 NA NA NA "+" NA NA NA -1.68819974482506 7 -524668.464307175 1049350.92934985 12721.9258132814 0
"339" 3366.40074145296 NA 0.00327126576578301 NA NA "+" NA "+" NA -1.66696899317799 11 -524712.943264631 1049447.88826299 12818.8847264186 0
"397" 3332.69832066051 NA NA "+" 0.504976684980149 NA NA NA "+" -1.64993979583432 41 -524808.901511121 1049699.82564397 13070.8221074017 0
"456" 3413.60847487551 0.160798945816741 0.00294196425204483 "+" NA NA NA "+" "+" -1.68969904429422 46 -525132.608364705 1050357.2451323 13728.2415957341 0
"337" 3396.87917040003 NA NA NA NA "+" NA "+" NA -1.68207366555796 10 -525264.830768693 1050549.66298215 13920.6594455785 0
"275" 3317.80811230795 NA 0.00330276744667187 NA NA "+" NA NA NA -1.64326851896177 7 -525345.67765678 1050705.35604906 14076.3525124907 0
"460" 3459.14622788279 0.159528296757204 0.00256878296958188 NA 0.454731776761363 NA NA "+" "+" -1.71285925283418 36 -525370.421263043 1050812.86002385 14183.8564872826 0
"336" 3411.70050814682 0.145258167964527 0.00259581545094048 "+" 0.465396377908051 NA NA "+" NA -1.68756311122522 21 -525483.680408323 1051009.36688509 14380.363348522 0
"392" 3363.28244442329 0.162260529066203 0.00295692469748918 "+" NA NA NA NA "+" -1.66524682141517 42 -525502.525518494 1051089.07476237 14460.0712258024 0
"454" 3442.79750721665 0.163786179406903 NA "+" NA NA NA "+" "+" -1.70416563248803 45 -525574.166063697 1051238.35932148 14609.355784907 0
"458" 3484.3240933129 0.161374352941932 NA NA 0.465290876855051 NA NA "+" "+" -1.72535325894834 35 -525705.203326522 1051480.42320488 14851.4196683066 0
"334" 3437.35856355556 0.147350983472369 NA "+" 0.476345579383637 NA NA "+" NA -1.70029181546305 20 -525824.98544456 1051689.97640585 15060.9728692833 0
"273" 3348.71451074427 NA NA NA NA "+" NA NA NA -1.65859315532531 6 -525903.641404975 1051819.28336157 15190.279825002 0
"272" 3356.51400349876 0.147336084226363 0.00261119133818906 "+" 0.478060007818615 NA NA NA NA -1.66072566794525 17 -525967.532774146 1051969.06956755 15340.0660309775 0
"390" 3392.7783720877 0.165244149924222 NA "+" NA NA NA NA "+" -1.67987498863771 41 -525946.452225252 1051974.92707223 15345.923535662 0
"396" 3408.37759341047 0.171359852728613 0.00257166309185133 NA 0.489603752341662 NA NA NA "+" -1.68835973819526 32 -526227.347307524 1052518.70848679 15889.7049502165 0
"455" 3355.87951483768 NA 0.00308013128053445 "+" NA NA NA "+" "+" -1.66062542794462 45 -526243.969164495 1052577.96552307 15948.9619865015 0
"270" 3382.32688812961 0.149440941133195 NA "+" 0.489151523337119 NA NA NA NA -1.67353606472668 16 -526310.717483062 1052653.43853877 16024.4350022015 0
"335" 3356.8594050185 NA 0.00269549695069652 "+" 0.501487955483452 NA NA "+" NA -1.65995911754974 20 -526389.996178313 1052819.99787336 16190.9943367899 0
"459" 3411.87434293479 NA 0.00267047111034685 NA 0.502361687043083 NA NA "+" "+" -1.6890704072194 35 -526509.62160195 1053089.25975573 16460.2562191626 0
"394" 3433.55016739075 0.173213893578275 NA NA 0.500175199594445 NA NA NA "+" -1.70085107076844 31 -526559.132860696 1053180.27875233 16551.2752157634 0
"391" 3299.37267250649 NA 0.0030957196852137 "+" NA NA NA NA "+" -1.63305512085637 41 -526630.656269672 1053343.33516107 16714.3316245035 0
"453" 3385.34226889307 NA NA "+" NA NA NA "+" "+" -1.67521868076426 44 -526721.266825811 1053530.55966318 16901.5561266113 0
"333" 3382.69657819981 NA NA "+" 0.513404167925573 NA NA "+" NA -1.67277072453593 19 -526753.810259513 1053545.62551032 16916.6219737541 0
"457" 3437.49195398564 NA NA NA 0.513917064791268 NA NA "+" "+" -1.70177864286513 34 -526866.173144542 1053800.36192127 17171.3583846972 0
"271" 3297.47105239953 NA 0.00271236804482248 "+" 0.51484006041621 NA NA NA NA -1.63102220266807 16 -526894.764717949 1053821.53300855 17192.5294719758 0
"389" 3329.04839815206 NA NA "+" NA NA NA NA "+" -1.64776289275276 40 -527110.381195185 1054300.78393473 17671.7803981612 0
"269" 3323.42230663513 NA NA "+" 0.526913828770223 NA NA NA NA -1.64389530532902 15 -527260.725528149 1054551.45420861 17922.4506720428 0
"395" 3349.84618099294 NA 0.00268208556700341 NA 0.5441352412385 NA NA NA "+" -1.6590225894943 31 -527535.62772369 1055133.26847832 18504.2649417508 0
"393" 3375.45103711419 NA NA NA 0.555781358821246 NA NA NA "+" -1.67172513339913 30 -527890.48074891 1055840.97371425 19211.9701776775 0
"452" 3472.22445119149 0.201845338660791 0.00308554171721512 NA NA NA NA "+" "+" -1.71843138086703 35 -528223.05110888 1056516.11876959 19887.1152330223 0
"450" 3502.97573623452 0.205259005573498 NA NA NA NA NA "+" "+" -1.73366536796387 34 -528690.092710442 1057448.20105307 20819.1975164972 0
"328" 3405.78319497154 0.189595313978928 0.00323647593051696 "+" NA NA NA "+" NA -1.68395669923552 20 -528990.171273838 1058020.34806441 21391.3445278404 0
"104" 11.8280918220447 0.0983445593212845 0.0031400276262143 "+" NA NA "+" "+" NA NA 168 -529154.444224161 1058645.26174239 22016.2582058157 0
"120" 6.29288148536696 0.0983445593213446 0.00314002762621406 "+" NA "+" "+" "+" NA NA 168 -529154.444224161 1058645.26174239 22016.2582058157 0
"232" 11.8280918220447 0.0983445593212845 0.0031400276262143 "+" NA NA "+" "+" "+" NA 168 -529154.444224161 1058645.26174239 22016.2582058157 0
"248" 6.29288148536696 0.0983445593213446 0.00314002762621406 "+" NA "+" "+" "+" "+" NA 168 -529154.444224161 1058645.26174239 22016.2582058157 0
"100" 6.84053868461004 0.0983445593211992 0.00314002762621434 NA NA NA "+" "+" NA NA 168 -529154.444224161 1058645.26174239 22016.2582058161 0
"116" 6.84053868461158 0.0983445593213057 0.00314002762621406 NA NA "+" "+" "+" NA NA 168 -529154.444224161 1058645.26174239 22016.2582058161 0
"228" 6.84053868461004 0.0983445593211992 0.00314002762621434 NA NA NA "+" "+" "+" NA 168 -529154.444224161 1058645.26174239 22016.2582058161 0
"244" 6.84053868461158 0.0983445593213057 0.00314002762621406 NA NA "+" "+" "+" "+" NA 168 -529154.444224161 1058645.26174239 22016.2582058161 0
"108" 3.53267956142784 0.0983445593215565 0.00314002762621664 NA 2.55630535038874 NA "+" "+" NA NA 168 -529154.444224161 1058645.26174239 22016.2582058168 0
"112" 4.79825211777011 0.0983445593216869 0.00314002762621695 "+" 2.5563053470108 NA "+" "+" NA NA 168 -529154.444224161 1058645.26174239 22016.2582058168 0
"124" 3.53267956296077 0.0983445593214523 0.00314002762621675 NA 2.55630534929578 "+" "+" "+" NA NA 168 -529154.444224161 1058645.26174239 22016.2582058168 0
"128" 3.41959427518448 0.0983445593216252 0.003140027626217 "+" 2.55630534760119 "+" "+" "+" NA NA 168 -529154.444224161 1058645.26174239 22016.2582058168 0
"236" 3.53267956142784 0.0983445593215565 0.00314002762621664 NA 2.55630535038874 NA "+" "+" "+" NA 168 -529154.444224161 1058645.26174239 22016.2582058168 0
"240" 4.79825211777011 0.0983445593216869 0.00314002762621695 "+" 2.5563053470108 NA "+" "+" "+" NA 168 -529154.444224161 1058645.26174239 22016.2582058168 0
"252" 3.53267956296077 0.0983445593214523 0.00314002762621675 NA 2.55630534929578 "+" "+" "+" "+" NA 168 -529154.444224161 1058645.26174239 22016.2582058168 0
"256" 3.41959427518448 0.0983445593216252 0.003140027626217 "+" 2.55630534760119 "+" "+" "+" "+" NA 168 -529154.444224161 1058645.26174239 22016.2582058168 0
"40" 10.6004035810488 0.0977586717178687 0.0031535527572064 "+" NA NA "+" NA NA NA 164 -529277.471432486 1058883.29863673 22254.2951001592 0
"168" 10.6004035810488 0.0977586717178687 0.0031535527572064 "+" NA NA "+" NA "+" NA 164 -529277.471432486 1058883.29863673 22254.2951001592 0
"56" 4.39075345898188 0.097758671717928 0.00315355275720614 "+" NA "+" "+" NA NA NA 164 -529277.471432486 1058883.29863673 22254.2951001599 0
"184" 4.39075345898188 0.097758671717928 0.00315355275720614 "+" NA "+" "+" NA "+" NA 164 -529277.471432486 1058883.29863673 22254.2951001599 0
"36" 5.58822013747259 0.0977586717177681 0.00315355275720647 NA NA NA "+" NA NA NA 164 -529277.471432486 1058883.29863673 22254.2951001604 0
"44" 2.1462597478602 0.0977586717181393 0.00315355275720886 NA 2.6599384774579 NA "+" NA NA NA 164 -529277.471432486 1058883.29863673 22254.2951001604 0
"52" 5.58822013747421 0.0977586717178774 0.00315355275720619 NA NA "+" "+" NA NA NA 164 -529277.471432486 1058883.29863673 22254.2951001604 0
"164" 5.58822013747259 0.0977586717177681 0.00315355275720647 NA NA NA "+" NA "+" NA 164 -529277.471432486 1058883.29863673 22254.2951001604 0
"172" 2.1462597478602 0.0977586717181393 0.00315355275720886 NA 2.6599384774579 NA "+" NA "+" NA 164 -529277.471432486 1058883.29863673 22254.2951001604 0
"180" 5.58822013747421 0.0977586717178774 0.00315355275720619 NA NA "+" "+" NA "+" NA 164 -529277.471432486 1058883.29863673 22254.2951001604 0
"48" 3.28557277731334 0.0977586717182882 0.00315355275720917 "+" 2.65993847408742 NA "+" NA NA NA 164 -529277.471432486 1058883.29863673 22254.2951001609 0
"60" 2.1462597494067 0.0977586717180289 0.00315355275720897 NA 2.6599384763553 "+" "+" NA NA NA 164 -529277.471432486 1058883.29863673 22254.2951001609 0
"64" 1.40098261396822 0.0977586717182203 0.00315355275720921 "+" 2.65993847467223 "+" "+" NA NA NA 164 -529277.471432486 1058883.29863673 22254.2951001609 0
"176" 3.28557277731334 0.0977586717182882 0.00315355275720917 "+" 2.65993847408742 NA "+" NA "+" NA 164 -529277.471432486 1058883.29863673 22254.2951001609 0
"188" 2.1462597494067 0.0977586717180289 0.00315355275720897 NA 2.6599384763553 "+" "+" NA "+" NA 164 -529277.471432486 1058883.29863673 22254.2951001609 0
"192" 1.40098261396822 0.0977586717182203 0.00315355275720921 "+" 2.65993847467223 "+" "+" NA "+" NA 164 -529277.471432486 1058883.29863673 22254.2951001609 0
"326" 3437.7860401807 0.193528028377665 NA "+" NA NA NA "+" NA -1.69981319584336 19 -529499.255904445 1059036.51680019 22407.5132636181 0
"332" 3462.51646995027 0.175203139173934 0.00259253390603453 NA 0.477749587063746 NA NA "+" NA -1.71188108218126 10 -529558.143055317 1059136.2875554 22507.2840188281 0
"264" 3342.51758904764 0.193390812485469 0.00327878273495786 "+" NA NA NA NA NA -1.65327886644452 16 -529666.487258929 1059364.97809051 22735.974553935 0
"103" 12.4256870507077 NA 0.00320272398465237 "+" NA NA "+" "+" NA NA 167 -529535.119502341 1059404.60787864 22775.6043420704 0
"119" 6.82904562345974 NA 0.00320272398465216 "+" NA "+" "+" "+" NA NA 167 -529535.119502341 1059404.60787864 22775.6043420704 0
"231" 12.4256870507077 NA 0.00320272398465237 "+" NA NA "+" "+" "+" NA 167 -529535.119502341 1059404.60787864 22775.6043420704 0
"247" 6.82904562345974 NA 0.00320272398465216 "+" NA "+" "+" "+" "+" NA 167 -529535.119502341 1059404.60787864 22775.6043420704 0
"115" 7.17858067447411 NA 0.00320272398465414 NA NA "+" "+" "+" NA NA 167 -529535.119502341 1059404.60787864 22775.6043420709 0
"243" 7.17858067447411 NA 0.00320272398465414 NA NA "+" "+" "+" "+" NA 167 -529535.119502341 1059404.60787864 22775.6043420709 0
"99" 7.17858067447254 NA 0.00320272398465465 NA NA NA "+" "+" NA NA 167 -529535.119502342 1059404.60787864 22775.6043420713 0
"107" 3.87662528454612 NA 0.00320272398465608 NA 2.55174295997645 NA "+" "+" NA NA 167 -529535.119502342 1059404.60787864 22775.6043420713 0
"227" 7.17858067447254 NA 0.00320272398465465 NA NA NA "+" "+" "+" NA 167 -529535.119502342 1059404.60787864 22775.6043420713 0
"235" 3.87662528454612 NA 0.00320272398465608 NA 2.55174295997645 NA "+" "+" "+" NA 167 -529535.119502342 1059404.60787864 22775.6043420713 0
"123" 3.87662528581655 NA 0.00320272398465598 NA 2.55174295907053 "+" "+" "+" NA NA 167 -529535.119502342 1059404.60787864 22775.604342072 0
"251" 3.87662528581655 NA 0.00320272398465598 NA 2.55174295907053 "+" "+" "+" "+" NA 167 -529535.119502342 1059404.60787864 22775.604342072 0
"111" 5.40839393340429 NA 0.00320272398465921 "+" 2.55174295175195 NA "+" "+" NA NA 167 -529535.119502342 1059404.60787864 22775.604342073 0
"127" 3.96088654691787 NA 0.00320272398465832 "+" 2.5517429516968 "+" "+" "+" NA NA 167 -529535.119502342 1059404.60787864 22775.604342073 0
"239" 5.40839393340429 NA 0.00320272398465921 "+" 2.55174295175195 NA "+" "+" "+" NA 167 -529535.119502342 1059404.60787864 22775.604342073 0
"255" 3.96088654691787 NA 0.00320272398465832 "+" 2.5517429516968 "+" "+" "+" "+" NA 167 -529535.119502342 1059404.60787864 22775.604342073 0
"388" 3464.47658091517 0.223402059462898 0.00317253371863364 NA NA NA NA NA "+" -1.71589698610158 31 -529743.083418797 1059548.17986854 22919.176331966 0
"106" 3.53331370928345 0.100800535828727 NA NA 2.57996480181623 NA "+" "+" NA NA 167 -529630.27013299 1059594.90913994 22965.9056033683 0
"114" 6.87178816281942 0.100800535828572 NA NA NA "+" "+" "+" NA NA 167 -529630.27013299 1059594.90913994 22965.9056033683 0
"234" 3.53331370928345 0.100800535828727 NA NA 2.57996480181623 NA "+" "+" "+" NA 167 -529630.27013299 1059594.90913994 22965.9056033683 0
"242" 6.87178816281942 0.100800535828572 NA NA NA "+" "+" "+" "+" NA 167 -529630.27013299 1059594.90913994 22965.9056033683 0
"98" 6.87178816282176 0.100800535828453 NA NA NA NA "+" "+" NA NA 167 -529630.27013299 1059594.90913994 22965.9056033688 0
"110" 4.77979832995769 0.100800535828743 NA "+" 2.57996480393527 NA "+" "+" NA NA 167 -529630.27013299 1059594.90913994 22965.9056033688 0
"122" 3.53331371183882 0.100800535828624 NA NA 2.57996479999259 "+" "+" "+" NA NA 167 -529630.27013299 1059594.90913994 22965.9056033688 0
"226" 6.87178816282176 0.100800535828453 NA NA NA NA "+" "+" "+" NA 167 -529630.27013299 1059594.90913994 22965.9056033688 0
"238" 4.77979832995769 0.100800535828743 NA "+" 2.57996480393527 NA "+" "+" "+" NA 167 -529630.27013299 1059594.90913994 22965.9056033688 0
"250" 3.53331371183882 0.100800535828624 NA NA 2.57996479999259 "+" "+" "+" "+" NA 167 -529630.27013299 1059594.90913994 22965.9056033688 0
"102" 11.8747015407683 0.100800535828724 NA "+" NA NA "+" "+" NA NA 167 -529630.270132991 1059594.90913994 22965.9056033692 0
"126" 3.42938104734769 0.100800535828768 NA "+" 2.57996480360933 "+" "+" "+" NA NA 167 -529630.270132991 1059594.90913994 22965.9056033692 0
"230" 11.8747015407683 0.100800535828724 NA "+" NA NA "+" "+" "+" NA 167 -529630.270132991 1059594.90913994 22965.9056033692 0
"254" 3.42938104734769 0.100800535828768 NA "+" 2.57996480360933 "+" "+" "+" "+" NA 167 -529630.270132991 1059594.90913994 22965.9056033692 0
"118" 6.32926148677897 0.100800535828777 NA "+" NA "+" "+" "+" NA NA 167 -529630.270132991 1059594.90913994 22965.9056033699 0
"246" 6.32926148677897 0.100800535828777 NA "+" NA "+" "+" "+" "+" NA 167 -529630.270132991 1059594.90913994 22965.9056033699 0
"39" 11.2186392390859 NA 0.0032149214827311 "+" NA NA "+" NA NA NA 163 -529653.997946583 1059634.34735023 23005.3438136594 0
"55" 4.9595366779017 NA 0.00321492148273079 "+" NA "+" "+" NA NA NA 163 -529653.997946583 1059634.34735023 23005.3438136594 0
"167" 11.2186392390859 NA 0.0032149214827311 "+" NA NA "+" NA "+" NA 163 -529653.997946583 1059634.34735023 23005.3438136594 0
"183" 4.9595366779017 NA 0.00321492148273079 "+" NA "+" "+" NA "+" NA 163 -529653.997946583 1059634.34735023 23005.3438136594 0
"35" 5.94893804635991 NA 0.00321492148273342 NA NA NA "+" NA NA NA 163 -529653.997946584 1059634.34735023 23005.3438136606 0
"51" 5.94893804636159 NA 0.00321492148273291 NA NA "+" "+" NA NA NA 163 -529653.997946584 1059634.34735023 23005.3438136606 0
"163" 5.94893804635991 NA 0.00321492148273342 NA NA NA "+" NA "+" NA 163 -529653.997946584 1059634.34735023 23005.3438136606 0
"179" 5.94893804636159 NA 0.00321492148273291 NA NA "+" "+" NA "+" NA 163 -529653.997946584 1059634.34735023 23005.3438136606 0
"43" 2.49117329673608 NA 0.00321492148273492 NA 2.67215204784347 NA "+" NA NA NA 163 -529653.997946584 1059634.34735023 23005.343813661 0
"171" 2.49117329673608 NA 0.00321492148273492 NA 2.67215204784347 NA "+" NA "+" NA 163 -529653.997946584 1059634.34735023 23005.343813661 0
"59" 2.49117329792855 NA 0.00321492148273481 NA 2.67215204699341 "+" "+" NA NA NA 163 -529653.997946584 1059634.34735023 23005.3438136617 0
"187" 2.49117329792855 NA 0.00321492148273481 NA 2.67215204699341 "+" "+" NA "+" NA 163 -529653.997946584 1059634.34735023 23005.3438136617 0
"47" 3.87022113034542 NA 0.00321492148273825 "+" 2.6721520395473 NA "+" NA NA NA 163 -529653.997946585 1059634.34735023 23005.3438136627 0
"63" 1.9560377865788 NA 0.00321492148273722 "+" 2.6721520395802 "+" "+" NA NA NA 163 -529653.997946585 1059634.34735023 23005.3438136627 0
"175" 3.87022113034542 NA 0.00321492148273825 "+" 2.6721520395473 NA "+" NA "+" NA 163 -529653.997946585 1059634.34735023 23005.3438136627 0
"191" 1.9560377865788 NA 0.00321492148273722 "+" 2.6721520395802 "+" "+" NA "+" NA 163 -529653.997946585 1059634.34735023 23005.3438136627 0
"330" 3487.72383784435 0.177041948296312 NA NA 0.488318471780844 NA NA "+" NA -1.72438787492228 9 -529880.952829025 1059779.90684012 23150.903303552 0
"34" 5.5987046797213 0.100181474185673 NA NA NA NA "+" NA NA NA 163 -529756.672952975 1059839.69736301 23210.6938264433 0
"42" 2.12765928326403 0.100181474185954 NA NA 2.68241529866512 NA "+" NA NA NA 163 -529756.672952975 1059839.69736301 23210.6938264433 0
"46" 3.25034980859618 0.100181474185996 NA "+" 2.68241530015064 NA "+" NA NA NA 163 -529756.672952975 1059839.69736301 23210.6938264433 0
"50" 5.59870467971917 0.100181474185792 NA NA NA "+" "+" NA NA NA 163 -529756.672952975 1059839.69736301 23210.6938264433 0
"58" 2.1276592857963 0.100181474185849 NA NA 2.68241529685823 "+" "+" NA NA NA 163 -529756.672952975 1059839.69736301 23210.6938264433 0
"162" 5.5987046797213 0.100181474185673 NA NA NA NA "+" NA "+" NA 163 -529756.672952975 1059839.69736301 23210.6938264433 0
"170" 2.12765928326403 0.100181474185954 NA NA 2.68241529866512 NA "+" NA "+" NA 163 -529756.672952975 1059839.69736301 23210.6938264433 0
"174" 3.25034980859618 0.100181474185996 NA "+" 2.68241530015064 NA "+" NA "+" NA 163 -529756.672952975 1059839.69736301 23210.6938264433 0
"178" 5.59870467971917 0.100181474185792 NA NA NA "+" "+" NA "+" NA 163 -529756.672952975 1059839.69736301 23210.6938264433 0
"186" 2.1276592857963 0.100181474185849 NA NA 2.68241529685823 "+" "+" NA "+" NA 163 -529756.672952975 1059839.69736301 23210.6938264433 0
"38" 10.6269918839988 0.100181474185976 NA "+" NA NA "+" NA NA NA 163 -529756.672952975 1059839.69736301 23210.6938264437 0
"62" 1.38090036115075 0.100181474186029 NA "+" 2.68241529993977 "+" "+" NA NA NA 163 -529756.672952975 1059839.69736301 23210.6938264437 0
"166" 10.6269918839988 0.100181474185976 NA "+" NA NA "+" NA "+" NA 163 -529756.672952975 1059839.69736301 23210.6938264437 0
"190" 1.38090036115075 0.100181474186029 NA "+" 2.68241529993977 "+" "+" NA "+" NA 163 -529756.672952975 1059839.69736301 23210.6938264437 0
"54" 4.39593515839877 0.100181474186037 NA "+" NA "+" "+" NA NA NA 163 -529756.672952976 1059839.69736302 23210.6938264444 0
"182" 4.39593515839877 0.100181474186037 NA "+" NA "+" "+" NA "+" NA 163 -529756.672952976 1059839.69736302 23210.6938264444 0
"451" 3412.48649321657 NA 0.00328832283801907 NA NA NA NA "+" "+" -1.6882315960878 34 -530022.092503263 1060112.20063871 23483.1971021397 0
"109" 5.40511143393308 NA NA "+" 2.57577059277216 NA "+" "+" NA NA 166 -530027.858839048 1060388.0821583 23759.0786217321 0
"125" 3.98466825920757 NA NA "+" 2.57577060157981 "+" "+" "+" NA NA 166 -530027.858839048 1060388.0821583 23759.0786217321 0
"237" 5.40511143393308 NA NA "+" 2.57577059277216 NA "+" "+" "+" NA 166 -530027.858839048 1060388.0821583 23759.0786217321 0
"253" 3.98466825920757 NA NA "+" 2.57577060157981 "+" "+" "+" "+" NA 166 -530027.858839048 1060388.0821583 23759.0786217321 0
"113" 7.21908484553317 NA NA NA NA "+" "+" "+" NA NA 166 -530027.858839049 1060388.0821583 23759.0786217337 0
"121" 3.88603769927054 NA NA NA 2.57577059160986 "+" "+" "+" NA NA 166 -530027.858839049 1060388.0821583 23759.0786217337 0
"241" 7.21908484553317 NA NA NA NA "+" "+" "+" "+" NA 166 -530027.858839049 1060388.0821583 23759.0786217337 0
"249" 3.88603769927054 NA NA NA 2.57577059160986 "+" "+" "+" "+" NA 166 -530027.858839049 1060388.0821583 23759.0786217337 0
"97" 7.21908484550164 NA NA NA NA NA "+" "+" NA NA 166 -530027.85883905 1060388.08215831 23759.0786217344 0
"101" 12.4884805640793 NA NA "+" NA NA "+" "+" NA NA 166 -530027.85883905 1060388.08215831 23759.0786217344 0
"105" 3.88603770335153 NA NA NA 2.57577058868856 NA "+" "+" NA NA 166 -530027.85883905 1060388.08215831 23759.0786217344 0
"225" 7.21908484550164 NA NA NA NA NA "+" "+" "+" NA 166 -530027.85883905 1060388.08215831 23759.0786217344 0
"229" 12.4884805640793 NA NA "+" NA NA "+" "+" "+" NA 166 -530027.85883905 1060388.08215831 23759.0786217344 0
"233" 3.88603770335153 NA NA NA 2.57577058868856 NA "+" "+" "+" NA 166 -530027.85883905 1060388.08215831 23759.0786217344 0
"117" 6.87983441721893 NA NA "+" NA "+" "+" "+" NA NA 166 -530027.858839051 1060388.08215831 23759.078621737 0
"245" 6.87983441721893 NA NA "+" NA "+" "+" "+" "+" NA 166 -530027.858839051 1060388.08215831 23759.078621737 0
"262" 3374.71315643709 0.197399289509961 NA "+" NA NA NA NA NA -1.66924218264463 15 -530184.407705985 1060398.81856429 23769.8150277147 0
"386" 3497.19007672741 0.227094161855904 NA NA NA NA NA NA "+" -1.73212228569944 30 -530227.200956015 1060514.41412846 23885.4105918868 0
"45" 3.84907408735912 NA NA "+" 2.69538607284751 NA "+" NA NA NA 162 -530149.760087377 1060623.86734347 23994.8638069029 0
"61" 1.94958550092913 NA NA "+" 2.69538608129188 "+" "+" NA NA NA 162 -530149.760087377 1060623.86734347 23994.8638069029 0
"173" 3.84907408735912 NA NA "+" 2.69538607284751 NA "+" NA "+" NA 162 -530149.760087377 1060623.86734347 23994.8638069029 0
"189" 1.94958550092913 NA NA "+" 2.69538608129188 "+" "+" NA "+" NA 162 -530149.760087377 1060623.86734347 23994.8638069029 0
"33" 5.96874999995018 NA NA NA NA NA "+" NA NA NA 162 -530149.760087378 1060623.86734348 23994.8638069045 0
"41" 2.48092042751015 NA NA NA 2.6953860680505 NA "+" NA NA NA 162 -530149.760087378 1060623.86734348 23994.8638069045 0
"49" 5.96874999998151 NA NA NA NA "+" "+" NA NA NA 162 -530149.760087378 1060623.86734348 23994.8638069045 0
"57" 2.4809204233247 NA NA NA 2.69538607104751 "+" "+" NA NA NA 162 -530149.760087378 1060623.86734348 23994.8638069045 0
"161" 5.96874999995018 NA NA NA NA NA "+" NA "+" NA 162 -530149.760087378 1060623.86734348 23994.8638069045 0
"169" 2.48092042751015 NA NA NA 2.6953860680505 NA "+" NA "+" NA 162 -530149.760087378 1060623.86734348 23994.8638069045 0
"177" 5.96874999998151 NA NA NA NA "+" "+" NA "+" NA 162 -530149.760087378 1060623.86734348 23994.8638069045 0
"185" 2.4809204233247 NA NA NA 2.69538607104751 "+" "+" NA "+" NA 162 -530149.760087378 1060623.86734348 23994.8638069045 0
"37" 11.2613857877116 NA NA "+" NA NA "+" NA NA NA 162 -530149.760087378 1060623.86734348 23994.863806905 0
"165" 11.2613857877116 NA NA "+" NA NA "+" NA "+" NA 162 -530149.760087378 1060623.86734348 23994.863806905 0
"53" 4.97919945816541 NA NA "+" NA "+" "+" NA NA NA 162 -530149.760087379 1060623.86734348 23994.8638069078 0
"181" 4.97919945816541 NA NA "+" NA "+" "+" NA "+" NA 162 -530149.760087379 1060623.86734348 23994.8638069078 0
"327" 3331.85403768503 NA 0.0034361580009865 "+" NA NA NA "+" NA -1.6466797255183 19 -530494.515685025 1061027.03636135 24398.0328247764 0
"449" 3444.21731110309 NA NA NA NA NA NA "+" "+" -1.70393990306383 33 -530540.554095327 1061147.12292947 24518.1193929019 0
"224" 5.50271618775777 0.100093277776515 0.00318098517804581 "+" 0.175689504012465 "+" NA "+" "+" NA 49 -530806.085435355 1061710.20305779 25081.1995212191 0
"331" 3408.6422174332 NA 0.00270492298358238 NA 0.52547629998371 NA NA "+" NA -1.68464333547195 9 -530882.757297403 1061783.51577688 25154.5122403062 0
"160" 4.54940168813668 0.098674034658702 0.00318894901466438 "+" 0.185062794885114 "+" NA NA "+" NA 45 -530915.279207616 1061920.58560931 25291.5820727432 0
"216" 5.78549255657727 0.104092684062125 0.00327633674597587 "+" NA "+" NA "+" "+" NA 48 -530990.130467311 1062076.29183402 25447.2882974446 0
"325" 3364.24472617004 NA NA "+" NA NA NA "+" NA -1.66271411652387 18 -531057.65125533 1062151.3070028 25522.3034662271 0
"152" 4.73213119481317 0.102603649424239 0.00329141316873637 "+" NA "+" NA NA "+" NA 44 -531120.785943645 1062329.59789885 25700.5943622789 0
"263" 3261.66088481017 NA 0.0034839359306835 "+" NA NA NA NA NA -1.61255933390099 15 -531219.328341596 1062468.65983551 25839.6562989363 0
"329" 3434.36411615171 NA NA NA 0.537031235155207 NA NA "+" NA -1.69739985389693 8 -531228.207466457 1062472.41587857 25843.4123419945 0
"223" 5.99752069925767 NA 0.00324150519243605 "+" 0.190832674834727 "+" NA "+" "+" NA 48 -531202.544481291 1062501.11986197 25872.1163254038 0
"220" 6.59953686873224 0.100575892384061 0.00316858669764855 NA 0.205566086582344 "+" NA "+" "+" NA 38 -531227.860594062 1062531.74065662 25902.7371200453 0
"222" 5.50220308787698 0.102391921583604 NA "+" 0.189402166664666 "+" NA "+" "+" NA 48 -531284.378540114 1062664.78797962 26035.7844430511 0
"159" 5.12286751476781 NA 0.00324787652321486 "+" 0.198917335969989 "+" NA NA "+" NA 44 -531301.145912118 1062690.3178358 26061.3142992256 0
"156" 5.72491844659423 0.101620184080992 0.00317326721410918 NA 0.220742272324151 "+" NA NA "+" NA 34 -531366.072506959 1062800.1606461 26171.1571095313 0
"158" 4.53700524742064 0.100943703690893 NA "+" 0.198977005709005 "+" NA NA "+" NA 44 -531395.297389075 1062878.62078971 26249.6172531403 0
"215" 6.32728094798885 NA 0.00334806899957512 "+" NA "+" NA "+" "+" NA 47 -531419.255872633 1062932.54138326 26303.5378466935 0
"214" 5.80774858247766 0.106788049802423 NA "+" NA "+" NA "+" "+" NA 47 -531497.392919978 1063088.81547795 26459.8119413829 0
"151" 5.34448516378756 NA 0.00336087086241781 "+" NA "+" NA NA "+" NA 43 -531538.03193298 1063162.08872129 26533.0851847178 0
"96" 4.96626323668833 0.101410996819584 0.00318834070587853 "+" 0.234237686986551 "+" NA "+" NA NA 23 -531581.592857109 1063209.19296493 26580.1894283551 0
"150" 4.7335200191511 0.105257603611155 NA "+" NA "+" NA NA "+" NA 43 -531631.898866295 1063349.82258792 26720.8190513477 0
"219" 6.99644164336336 NA 0.00322651361049525 NA 0.22451476505189 "+" NA "+" "+" NA 37 -531643.576391686 1063361.17125336 26732.1677167872 0
"212" 7.19791458592514 0.110413804180114 0.0033574342731904 NA NA "+" NA "+" "+" NA 37 -531668.928777389 1063411.87602476 26782.8724881927 0
"218" 6.59641689584738 0.102664512286777 NA NA 0.218681030687305 "+" NA "+" "+" NA 37 -531699.908905626 1063473.83628124 26844.8327446675 0
"221" 6.00858205533558 NA NA "+" 0.205166871019537 "+" NA "+" "+" NA 47 -531696.795102205 1063487.61984241 26858.6163058372 0
"32" 3.97477049616848 0.101195157746188 0.00320031775003808 "+" 0.236009268049095 "+" NA NA NA NA 19 -531733.334332415 1063504.67365613 26875.6701195575 0
"261" 3294.13223077106 NA NA "+" NA NA NA NA NA -1.62864551886351 14 -531792.818654662 1063613.64006758 26984.636531011 0
"155" 6.10714893434926 NA 0.00323140184992173 NA 0.239230437672599 "+" NA NA "+" NA 33 -531791.367161296 1063648.74906141 27019.7455248404 0
"157" 5.12367677462436 NA NA "+" 0.213419393265775 "+" NA NA "+" NA 43 -531796.711260794 1063679.44737692 27050.4438403458 0
"154" 5.7163673723435 0.103689585454313 NA NA 0.234051071968359 "+" NA NA "+" NA 33 -531838.669914649 1063743.35456812 27114.3510315465 0
"148" 6.04392967528136 0.112114537174229 0.00338548948922236 NA NA "+" NA NA "+" NA 33 -531890.125702869 1063846.26614456 27217.2626079863 0
"387" 3393.92859236517 NA 0.00341183548260808 NA NA NA NA NA "+" -1.68044960674249 30 -531928.022049235 1063916.0563149 27287.0527783262 0
"213" 6.36438144860858 NA NA "+" NA "+" NA "+" "+" NA 46 -531946.227043431 1063984.48248976 27355.4789531862 0
"95" 5.51154486009157 NA 0.00325078113755349 "+" 0.252170542312909 "+" NA "+" NA NA 22 -531989.608918826 1064023.22448409 27394.2209475194 0
"94" 4.96745414686816 0.103727460966593 NA "+" 0.247618850709839 "+" NA "+" NA NA 22 -532057.282216478 1064158.57107939 27529.5675428237 0
"149" 5.36208634997738 NA NA "+" NA "+" NA NA "+" NA 42 -532068.254758971 1064220.53324333 27591.5297067559 0
"31" 4.54749113006773 NA 0.00326208774000386 "+" 0.253821407588736 "+" NA NA NA NA 18 -532139.250338921 1064314.50516998 27685.5016334094 0
"217" 7.00165966209647 NA NA NA 0.238275389375815 "+" NA "+" "+" NA 36 -532130.514252971 1064333.04600371 27704.0424671371 0
"211" 7.69871087222207 NA 0.00344089016830114 NA NA "+" NA "+" "+" NA 36 -532171.301377138 1064414.62025204 27785.6167154717 0
"88" 5.30424348261806 0.113166689172385 0.00342478724723912 "+" NA "+" NA "+" NA NA 22 -532198.544640056 1064441.09592655 27812.0923899789 0
"30" 3.96091570955443 0.103497953713117 NA "+" 0.249479530372707 "+" NA NA NA NA 18 -532211.678761033 1064459.3620142 27830.3584776332 0
"210" 7.23520172861485 0.1133029499306 NA NA NA "+" NA "+" "+" NA 36 -532197.674934528 1064467.36736682 27838.3638302519 0
"153" 6.1063672829457 NA NA NA 0.253171649070178 "+" NA NA "+" NA 32 -532278.843795545 1064621.70146283 27992.6979262573 0
"92" 6.1311977497552 0.100583216099537 0.00319233487103278 NA 0.268063802301791 "+" NA "+" NA NA 12 -532306.976325602 1064637.95470017 28008.9511635976 0
"24" 4.26918478244581 0.112978780728921 0.00343935240778164 "+" NA "+" NA NA NA NA 18 -532358.711005118 1064753.42650237 28124.4229658039 0
"147" 6.49904760132343 NA 0.00346996856380415 NA NA "+" NA NA "+" NA 32 -532408.414724051 1064880.84331984 28251.8397832704 0
"146" 6.05537271064686 0.11500903864261 NA NA NA "+" NA NA "+" NA 32 -532426.29891859 1064916.61170892 28287.6081723475 0
"385" 3427.89811666634 NA NA NA NA NA NA NA "+" -1.6972897436237 29 -532472.551638542 1065003.11470528 28374.1111687084 0
"93" 5.52546475504642 NA NA "+" 0.266237705950016 "+" NA "+" NA NA 21 -532481.637039871 1065005.28014819 28376.2766116185 0
"28" 5.10516087962112 0.104117708447116 0.00320322621439572 NA 0.275219410680877 "+" NA NA NA NA 8 -532612.92724676 1065241.85543917 28612.8519026001 0
"29" 4.5466529352973 NA NA "+" 0.267971033258236 "+" NA NA NA NA 17 -532633.760489093 1065301.52499744 28672.5214608707 0
"87" 5.94731666313802 NA 0.00351547101289669 "+" NA "+" NA "+" NA NA 21 -532706.716958927 1065455.4399863 28826.4364497296 0
"91" 6.54033615559449 NA 0.00325021979545986 NA 0.288058361499146 "+" NA "+" NA NA 11 -532724.161324005 1065470.32438174 28841.3208451681 0
"209" 7.75038830382297 NA NA NA NA "+" NA "+" "+" NA 35 -532723.283031876 1065516.58261559 28887.5790790149 0
"86" 5.32635584235543 0.116389960605507 NA "+" NA "+" NA "+" NA NA 21 -532745.036775591 1065532.07961963 28903.076083059 0
"90" 6.13514754646929 0.102649375960833 NA NA 0.281067944025831 "+" NA "+" NA NA 11 -532779.422467593 1065580.84666891 28951.8431323438 0
"23" 4.93929222964311 NA 0.00352924637969885 "+" NA "+" NA NA NA NA 17 -532864.642357666 1065763.28873459 29134.2851980177 0
"22" 4.27236756079141 0.116190049719659 NA "+" NA "+" NA NA NA NA 17 -532908.747588874 1065851.499197 29222.4956604326 0
"145" 6.52283464566007 NA NA NA NA "+" NA NA "+" NA 31 -532968.133317373 1065998.27966569 29369.2761291177 0
"27" 5.50520122078022 NA 0.00326285713243179 NA 0.29636180276094 "+" NA NA NA NA 7 -533060.497910539 1066134.99655658 29505.9930200092 0
"268" 3488.58886084394 0.211746465299113 0.00262347639385935 NA 0.597434826091372 NA NA NA NA -1.72601578126948 6 -533068.950475054 1066149.90150173 29520.8979651588 0
"26" 5.1001368713022 0.106169861697441 NA NA 0.28831574423009 "+" NA NA NA NA 7 -533086.719614194 1066187.43996389 29558.4364273183 0
"89" 6.55291908941702 NA NA NA 0.301721561237867 "+" NA "+" NA NA 10 -533211.354366414 1066442.71017759 29813.7066410221 0
"85" 5.98884718067145 NA NA "+" NA "+" NA "+" NA NA 20 -533279.037335451 1066598.08018764 29969.0766510654 0
"266" 3514.2766190251 0.213642383261643 NA NA 0.608273301017067 NA NA NA NA -1.73876269908055 5 -533384.636545738 1066779.27348549 30150.2699489184 0
"21" 4.96211987894333 NA NA "+" NA "+" NA NA NA NA 16 -533440.302404085 1066912.60838082 30283.6048442465 0
"208" 6.81095867626559 0.112354809402608 0.00320092697724056 "+" 0.452255975736517 NA NA "+" "+" NA 46 -533422.304715831 1066936.63783456 30307.6342979872 0
"25" 5.50811630673864 NA NA NA 0.310131461292392 "+" NA NA NA NA 6 -533549.344452073 1067110.68945577 30481.6859191975 0
"144" 5.76879864706384 0.111391177020929 0.00320866754432822 "+" 0.461562728694592 NA NA NA "+" NA 42 -533569.946398661 1067223.91652271 30594.9129861358 0
"84" 6.51703610292617 0.12884292870783 0.00370725414832743 NA NA "+" NA "+" NA NA 11 -533866.643759503 1067755.28925273 31126.2857161639 0
"206" 6.8141950307361 0.114671577922606 NA "+" 0.466156716588552 NA NA "+" "+" NA 45 -533890.293728175 1067870.61465043 31241.6111138619 0
"207" 7.36143258164917 NA 0.0032692348536539 "+" 0.478896305218683 NA NA "+" "+" NA 45 -533906.580999029 1067903.18919214 31274.1856555701 0
"142" 5.759967625219 0.113676209366099 NA "+" 0.47562385264322 NA NA NA "+" NA 41 -534039.30837679 1068160.63937531 31531.6358387396 0
"143" 6.41049146500624 NA 0.00327550945372211 "+" 0.487123536752353 NA NA NA "+" NA 41 -534046.56365258 1068175.14992689 31546.1463903191 0
"20" 5.32252812349912 0.133743925509645 0.00373647946466522 NA NA "+" NA NA NA NA 7 -534257.73815665 1068529.4770488 31900.4735122304 0
"205" 7.37633761828341 NA NA "+" 0.493661234525499 NA NA "+" "+" NA 44 -534391.820439567 1068871.66689069 32242.663354123 0
"82" 6.54356725901245 0.132865880627204 NA NA NA "+" NA "+" NA NA 10 -534495.151018445 1069010.30348165 32381.2999450834 0
"83" 7.08999761320256 NA 0.00383324060290618 NA NA "+" NA "+" NA NA 10 -534550.460263368 1069120.9219715 32491.91843493 0
"141" 6.41491600498174 NA NA "+" 0.502019209581619 NA NA NA "+" NA 40 -534532.786301977 1069145.59414832 32516.5906117456 0
"18" 5.32878264090663 0.137814408005572 NA NA NA "+" NA NA NA NA 6 -534892.995250354 1069797.99105233 33168.987515759 0
"267" 3418.7989709245 NA 0.00276429715513553 NA 0.666995365546481 NA NA NA NA -1.6908616110112 5 -534942.171708029 1069894.34381007 33265.3402735004 0
"19" 5.86981063161503 NA 0.0038685866661818 NA NA "+" NA NA NA NA 6 -534995.217110918 1070002.43477346 33373.4312368869 0
"200" 7.73803380851145 0.134645844076777 0.00354386585568889 "+" NA NA NA "+" "+" NA 45 -535041.253517541 1070172.53422916 33543.5306925932 0
"81" 7.13597712904266 NA NA NA NA "+" NA "+" NA NA 9 -535216.944778805 1070451.89073968 33822.8872031101 0
"265" 3445.21985248379 NA NA NA 0.679077682800085 NA NA NA NA -1.70396738998743 4 -535284.245432204 1070576.49112708 33947.4875905102 0
"136" 6.30620241230705 0.133511974106838 0.00356462879567815 "+" NA NA NA NA "+" NA 41 -535265.422306125 1070612.86723398 33983.8636974094 0
"80" 10.4999934928983 0.117696237762259 0.00320116402468784 "+" 0.462465139253675 NA NA "+" NA NA 20 -535386.877531771 1070813.76058028 34184.7570437058 0
"324" 3475.78940928484 0.256998793065076 0.00369963000927075 NA NA NA NA "+" NA -1.71714438884418 9 -535559.802818396 1071137.60681886 34508.6032822935 0
"204" 7.0570275440018 0.138491274741708 0.00317739145058587 NA 0.460277988457294 NA NA "+" "+" NA 35 -535555.79328168 1071181.60311519 34552.5995786225 0
"198" 7.77328083887632 0.137980357712606 NA "+" NA NA NA "+" "+" NA 44 -535604.327795798 1071296.68160316 34667.6780665852 0
"17" 5.89355723096985 NA NA NA NA "+" NA NA NA NA 5 -535670.17521371 1071350.35082143 34721.3472848628 0
"16" 9.17217363308418 0.118100689140854 0.00321726078740512 "+" 0.472206586990529 NA NA NA NA NA 16 -535671.679106116 1071375.36178488 34746.3582483097 0
"199" 8.47173984596922 NA 0.00365118897790385 "+" NA NA NA "+" "+" NA 44 -535729.248743242 1071546.52349804 34917.5199614735 0
"78" 10.5049072884251 0.120024826876758 NA "+" 0.475964192158154 NA NA "+" NA NA 19 -535843.085222236 1071724.17543577 35095.1718992002 0
"134" 6.3146078831658 0.136810300529641 NA "+" NA NA NA NA "+" NA 40 -535833.496407061 1071747.01435848 35118.0108219141 0
"79" 11.144843181248 NA 0.00327413494539403 "+" 0.491838556539487 NA NA "+" NA NA 19 -535912.261390492 1071862.52777228 35233.5242357114 0
"135" 7.1199468809301 NA 0.00366952561961628 "+" NA NA NA NA "+" NA 40 -535941.61557177 1071963.2526879 35334.2491513321 0
"202" 7.05392867850941 0.140588526944633 NA NA 0.473411539109763 NA NA "+" "+" NA 34 -536004.31241919 1072076.64047056 35447.6369339924 0
"14" 9.16276651873007 0.120420389213333 NA "+" 0.485841273767132 NA NA NA NA NA 15 -536130.793399942 1072291.5899522 35662.5864156282 0
"322" 3512.52721514339 0.262254703536502 NA NA NA NA NA "+" NA -1.73532994323258 8 -536171.982376702 1072359.96569905 35730.9621624837 0
"15" 9.83747816454407 NA 0.0032899301491866 "+" 0.501877722578696 NA NA NA NA NA 15 -536199.407669373 1072428.81849106 35799.8149544918 0
"140" 5.0579901111975 0.147298631931479 0.00318182726918147 NA 0.513269048436176 NA NA NA "+" NA 31 -536207.132062708 1072476.27715636 35847.273619788 0
"203" 7.6415269437108 NA 0.00325848052795054 NA 0.501635809952824 NA NA "+" "+" NA 34 -536310.140067877 1072688.29576794 36059.2922313663 0
"197" 8.52681616401128 NA NA "+" NA NA NA "+" "+" NA 43 -536321.897028184 1072729.8189117 36100.8153751246 0
"77" 11.162926148485 NA NA "+" 0.50624621238812 NA NA "+" NA NA 18 -536386.381129128 1072808.76675039 36179.7632138235 0
"133" 7.149315653246 NA NA "+" NA NA NA NA "+" NA 39 -536538.613266919 1073155.24702712 36526.2434905502 0
"138" 5.04944757606887 0.149375963192216 NA NA 0.526588735317985 NA NA NA "+" NA 30 -536653.094111196 1073366.20043882 36737.1969022485 0
"13" 9.84122311701802 NA NA "+" 0.516422789341108 NA NA NA NA NA 14 -536676.336406268 1073380.67557079 36751.6720342229 0
"201" 7.64742857472317 NA NA NA 0.515752281665548 NA NA "+" "+" NA 33 -536777.317475331 1073620.64968948 36991.6461529117 0
"139" 5.57939130050551 NA 0.00326784122358095 NA 0.559903895202869 NA NA NA "+" NA 30 -537059.686234991 1074179.38468641 37550.3811498384 0
"137" 5.57816939502698 NA NA NA 0.57426459005475 NA NA NA "+" NA 29 -537524.966179907 1075107.94378801 38478.9402514386 0
"196" 8.92782375267965 0.181256869757662 0.00370247778730691 NA NA NA NA "+" "+" NA 34 -538117.518932503 1076303.05349719 39674.0499606186 0
"323" 3394.93745975189 NA 0.00404272245771072 NA NA NA NA "+" NA -1.67604480847858 8 -538297.162676616 1076610.32629888 39981.3227623117 0
"72" 11.8427339521143 0.161813256158934 0.00383651242509457 "+" NA NA NA "+" NA NA 19 -538436.306051447 1076910.61709419 40281.6135576221 0
"194" 8.98669320633141 0.18514095278077 NA NA NA NA NA "+" "+" NA 33 -538708.615970062 1077483.24667894 40854.2431423732 0
"8" 10.1731050363112 0.163723511227334 0.00387402979901494 "+" NA NA NA NA NA NA 15 -538859.695779334 1077749.39471098 41120.391174414 0
"321" 3433.3482131854 NA NA NA NA NA NA "+" NA -1.6950343706349 7 -539003.241640844 1078020.48401719 41391.480480619 0
"70" 11.8959036882822 0.166172596374534 NA "+" NA NA NA "+" NA NA 18 -539068.786266808 1078173.57702576 41544.5734891847 0
"76" 12.8161640254016 0.153551803095936 0.00320017471648363 NA 0.480190787813272 NA NA "+" NA NA 9 -539287.320995656 1078592.64317338 41963.6396368123 0
"71" 12.8710309406673 NA 0.00399611573579954 "+" NA NA NA "+" NA NA 18 -539410.776210839 1078857.55691382 42228.553377246 0
"195" 9.94093143446584 NA 0.00387514835602348 NA NA NA NA "+" "+" NA 33 -539398.138596325 1078862.29193147 42233.2883948991 0
"6" 10.1967179380203 0.168128971727926 NA "+" NA NA NA NA NA NA 14 -539501.108618623 1079030.2199955 42401.2164589339 0
"132" 5.67766972062169 0.201487641980504 0.00382267940547086 NA NA NA NA NA "+" NA 30 -539601.710382632 1079263.43298169 42634.4294451212 0
"74" 12.8214581407051 0.155629895803647 NA NA 0.493281249689225 NA NA "+" NA NA 8 -539720.614073339 1079457.22909233 42828.2255557587 0
"7" 11.2077231155548 NA 0.00403591127489054 "+" NA NA NA NA NA NA 14 -539853.463583695 1079734.92992565 43105.9263890774 0
"193" 10.0253526648761 NA NA NA NA NA NA "+" "+" NA 32 -540035.299230912 1080134.61233356 43505.6087969919 0
"69" 12.9553624861658 NA NA "+" NA NA NA "+" NA NA 17 -540088.805845454 1080211.61571016 43582.6121735938 0
"75" 13.7065560425891 NA 0.00329037889127146 NA 0.522067805594833 NA NA "+" NA NA 8 -540187.010525507 1080390.02199666 43761.0184600935 0
"130" 5.68677423289804 0.205694832278394 NA NA NA NA NA NA "+" NA 29 -540219.873382865 1080497.75819393 43868.7546573547 0
"5" 11.261385787711 NA NA "+" NA NA NA NA NA NA 13 -540541.138619573 1081108.27962962 44479.276093049 0
"73" 13.7243959665767 NA NA NA 0.536115327908028 NA NA "+" NA NA 7 -540639.808682397 1081293.6181003 44664.6145637259 0
"131" 6.4952304055139 NA 0.00402680737386349 NA NA NA NA NA "+" NA 29 -541172.688380528 1082403.38818925 45774.3846526816 0
"129" 6.52283464566664 NA NA NA NA NA NA NA "+" NA 28 -541845.135364532 1083746.28139531 47117.2778587386 0
"12" 10.0008052450843 0.188451822220126 0.00325085765218339 NA 0.608378506871571 NA NA NA NA NA 5 -542679.617190547 1085369.23477511 48740.231238537 0
"260" 3556.29905652885 0.349023797558318 0.00421221047942932 NA NA NA NA NA NA -1.75860846310533 5 -542957.798706551 1085925.59780711 49296.5942705439 0
"10" 9.99807229588092 0.190591736058714 NA NA 0.621932994650205 NA NA NA NA NA 4 -543107.306690646 1086222.61364397 49593.6101073944 0
"258" 3599.9952193402 0.35614469761922 NA NA NA NA NA NA NA -1.7802619556216 4 -543678.506898689 1087365.01406005 50736.0105234818 0
"11" 10.9457161093254 NA 0.00336507006797999 NA 0.670226763197823 NA NA NA NA NA 4 -543995.178510029 1087998.35728273 51369.3537461604 0
"9" 10.9539970934688 NA NA NA 0.68499032591164 NA NA NA NA NA 3 -544445.710276043 1088897.42070969 52268.4171731176 0
"68" 15.4964090357018 0.23569979749276 0.00431482314502916 NA NA NA NA "+" NA NA 8 -544646.137804321 1089308.27655429 52679.2730177215 0
"66" 15.6030755473994 0.241576959858739 NA NA NA NA NA "+" NA NA 7 -545385.851552702 1090785.70384091 54156.7003043348 0
"67" 17.3063837100885 NA 0.0046165758341815 NA NA NA NA "+" NA NA 7 -546702.861475062 1093419.72368563 56790.7201490558 0
"65" 17.4690814052742 NA NA NA NA NA NA "+" NA NA 6 -547528.063824652 1095068.12820093 58439.1246643565 0
"259" 3445.92703732634 NA 0.00479307639094969 NA NA NA NA NA NA -1.70269822425153 4 -547701.357063395 1095410.71438946 58781.7108528938 0
"257" 3493.21960231307 NA NA NA NA NA NA NA NA -1.72610559820377 3 -548579.742874909 1097165.48590742 60536.4823708509 0
"4" 12.0619424105563 0.327844051492171 0.00488132176529459 NA NA NA NA NA NA NA 4 -551769.771359684 1103547.54298204 66918.5394454715 0
"2" 12.1275249871964 0.335809480249378 NA NA NA NA NA NA NA NA 3 -552632.744232053 1105271.48862171 68642.4850851388 0
"3" 14.2335998145472 NA 0.0054079734228327 NA NA NA NA NA NA NA 3 -555529.347080091 1111064.69431778 74435.6907812138 0
"1" 14.3650589355411 NA NA NA NA NA NA NA NA NA 2 -556539.222931314 1113082.44594143 76453.4424048585 0
